0.80 0.84 0.83 0.83 0.88 0.83 0.82 0.83 0.83 0.84 0.82 0.84 0.82 0.83 0.82 0.83 0.83 0.84 0.84 0.84 0.83 0.82 0.80 0.85 0.87 0.85 0.82 0.85 0.83 0.85 0.82 0.84 0.83 0.82 0.86 0.86 0.81 0.83 0.82 0.86 0.83
0.83 0.83 0.83 0.85 0.82 0.84 0.82 0.83 0.83 0.83 0.79 0.83 0.85 0.84 0.84 0.84 0.83 0.82 0.83 0.81 0.82 0.79 0.84 0.81 0.82 0.82 0.85 0.81 0.82 0.81 0.80 0.84 0.85 0.82 0.86 0.87 0.83 0.84 0.85 0.84 0.84
0.84 0.83 0.84 0.83 0.86 0.83 0.85 0.83 0.85 0.83 0.82 0.83 0.83 0.81 0.86 0.84 0.83 0.80 0.85 0.81 0.85 0.85 0.84 0.80 0.83 0.84 0.83 0.80 0.84 0.86 0.87 0.86 0.82 0.82 0.84 0.81 0.82 0.86 0.82 0.82 0.85
0.85 0.83 0.82 0.84 0.83 0.84 0.81 0.84 0.80 0.83 0.80 0.83 0.86 0.81 0.83 0.84 0.85 0.84 0.83 0.83 0.86 0.82 0.83 0.85 0.84 0.86 0.84 0.85 0.85 0.82 0.84 0.84 0.81 0.85 0.84 0.80 0.87 0.84 0.85 0.84 0.80
0.83 0.81 0.83 0.85 0.82 0.84 0.82 0.81 0.84 0.82 0.83 0.82 0.82 0.82 0.85 0.86 0.83 0.83 0.82 0.83 0.80 0.80 0.87 0.82 0.81 0.84 0.84 0.85 0.83 0.83 0.85 0.83 0.81 0.83 0.85 0.82 0.84 0.84 0.81 0.82 0.81
0.85 0.84 0.81 0.85 0.84 0.84 0.85 0.85 0.84 0.82 0.83 0.86 0.82 0.84 0.83 0.81 0.86 0.82 0.82 0.83 0.83 0.75 0.85 0.83 0.82 0.85 0.82 0.84 0.82 0.83 0.81 0.84 0.85 0.83 0.84 0.85 0.84 0.82 0.83 0.83 0.85
0.84 0.81 0.84 0.83 0.79 0.85 0.84 0.83 0.82 0.83 0.82 0.87 0.81 0.83 0.82 0.83 0.84 0.84 0.84 0.85 0.81 0.82 0.79 0.84 0.81 0.83 0.84 0.82 0.85 0.83 0.85 0.84 0.85 0.81 0.82 0.79 0.84 0.83 0.85 0.80 0.84
0.84 0.81 0.85 0.84 0.82 0.81 0.82 0.81 0.83 0.84 0.83 0.85 0.85 0.82 0.82 0.81 0.81 0.83 0.80 0.83 0.85 0.81 0.83 0.82 0.87 0.86 0.83 0.81 0.81 0.83 0.84 0.84 0.82 0.84 0.82 0.82 0.82 0.84 0.81 0.83 0.81
0.83 0.84 0.79 0.84 0.86 0.84 0.84 0.84 0.81 0.83 0.84 0.85 0.84 0.82 0.80 0.83 0.84 0.82 0.84 0.84 0.83 0.81 0.84 0.82 0.81 0.85 0.82 0.82 0.83 0.81 0.86 0.82 0.84 0.86 0.84 0.84 0.81 0.84 0.84 0.84 0.81
0.82 0.82 0.84 0.86 0.80 0.82 0.84 0.85 0.82 0.84 0.84 0.83 0.83 0.84 0.80 0.82 0.84 0.84 0.85 0.84 0.81 0.84 0.83 0.85 0.84 0.82 0.85 0.86 0.80 0.82 0.83 0.83 0.82 0.84 0.84 0.82 0.83 0.86 0.83 0.81 0.83
0.86 0.81 0.81 0.87 0.82 0.82 0.87 0.84 0.85 0.82 0.82 0.84 0.82 0.82 0.84 0.85 0.81 0.82 0.79 0.83 0.85 0.87 0.85 0.82 0.85 0.82 0.83 0.86 0.80 0.82 0.81 0.83 0.82 0.84 0.82 0.85 0.87 0.87 0.83 0.82 0.86
0.80 0.82 0.82 0.85 0.86 0.81 0.82 0.83 0.82 0.84 0.84 0.83 0.84 0.83 0.83 0.84 0.86 0.86 0.81 0.83 0.87 0.83 0.83 0.84 0.82 0.82 0.83 0.85 0.83 0.84 0.81 0.83 0.81 0.79 0.82 0.85 0.85 0.82 0.83 0.83 0.84
0.82 0.85 0.82 0.83 0.82 0.82 0.81 0.85 0.81 0.84 0.81 0.88 0.83 0.85 0.83 0.85 0.83 0.82 0.82 0.84 0.82 0.83 0.82 0.83 0.85 0.86 0.82 0.82 0.82 0.81 0.82 0.83 0.86 0.87 0.82 0.83 0.86 0.83 0.82 0.85 0.84
0.82 0.80 0.84 0.85 0.82 0.85 0.82 0.83 0.83 0.84 0.82 0.80 0.83 0.84 0.83 0.82 0.82 0.81 0.82 0.86 0.85 0.81 0.83 0.84 0.85 0.84 0.80 0.82 0.82 0.83 0.84 0.77 0.82 0.88 0.84 0.82 0.84 0.80 0.82 0.84 0.81
0.80 0.83 0.86 0.84 0.85 0.87 0.85 0.83 0.83 0.81 0.79 0.79 0.85 0.80 0.84 0.84 0.84 0.82 0.86 0.83 0.84 0.86 0.80 0.84 0.83 0.85 0.82 0.81 0.84 0.84 0.83 0.82 0.85 0.83 0.85 0.81 0.85 0.82 0.81 0.81 0.83
0.80 0.82 0.83 0.82 0.80 0.81 0.81 0.86 0.84 0.84 0.83 0.85 0.85 0.85 0.81 0.86 0.82 0.83 0.85 0.86 0.80 0.82 0.84 0.80 0.84 0.86 0.84 0.84 0.82 0.83 0.83 0.82 0.84 0.81 0.82 0.84 0.82 0.82 0.84 0.86 0.83
0.84 0.82 0.85 0.85 0.84 0.84 0.83 0.83 0.78 0.86 0.86 0.83 0.81 0.80 0.83 0.83 0.84 0.84 0.85 0.80 0.83 0.86 0.85 0.83 0.83 0.84 0.83 0.84 0.81 0.81 0.81 0.83 0.86 0.82 0.83 0.85 0.83 0.84 0.85 0.81 0.83
0.83 0.82 0.83 0.83 0.82 0.84 0.86 0.87 0.84 0.85 0.85 0.85 0.83 0.85 0.87 0.84 0.84 0.81 0.86 0.84 0.85 0.80 0.83 0.83 0.81 0.84 0.81 0.83 0.81 0.82 0.81 0.83 0.83 0.80 0.82 0.82 0.84 0.82 0.83 0.82 0.84
0.83 0.87 0.84 0.85 0.84 0.81 0.83 0.81 0.84 0.87 0.81 0.84 0.84 0.84 0.84 0.84 0.87 0.87 0.83 0.81 0.84 0.85 0.82 0.84 0.82 0.88 0.83 0.86 0.83 0.83 0.85 0.84 0.84 0.84 0.83 0.81 0.84 0.85 0.85 0.84 0.81
0.80 0.82 0.84 0.83 0.81 0.86 0.83 0.84 0.80 0.81 0.81 0.87 0.86 0.83 0.85 0.83 0.85 0.82 0.80 0.83 0.84 0.83 0.83 0.85 0.82 0.81 0.81 0.86 0.85 0.84 0.83 0.84 0.81 0.79 0.84 0.82 0.85 0.86 0.86 0.83 0.86
0.82 0.82 0.82 0.80 0.84 0.79 0.82 0.81 0.82 0.84 0.80 0.85 0.84 0.82 0.83 0.84 0.82 0.88 0.83 0.85 0.84 0.86 0.87 0.85 0.83 0.81 0.83 0.83 0.82 0.82 0.81 0.77 0.84 0.81 0.81 0.82 0.85 0.76 0.84 0.81 0.84
0.81 0.84 0.83 0.83 0.85 0.86 0.84 0.84 0.81 0.86 0.82 0.83 0.82 0.84 0.87 0.84 0.82 0.81 0.83 0.86 0.83 0.80 0.86 0.81 0.83 0.80 0.84 0.84 0.82 0.85 0.86 0.82 0.83 0.83 0.84 0.82 0.84 0.83 0.85 0.83 0.82
0.84 0.86 0.86 0.84 0.87 0.83 0.83 0.81 0.84 0.82 0.85 0.85 0.85 0.82 0.83 0.85 0.85 0.82 0.83 0.85 0.81 0.85 0.83 0.85 0.81 0.81 0.82 0.82 0.84 0.87 0.86 0.82 0.84 0.83 0.86 0.85 0.82 0.80 0.83 0.85 0.84
0.86 0.84 0.82 0.83 0.83 0.83 0.84 0.82 0.85 0.83 0.85 0.81 0.82 0.84 0.86 0.84 0.85 0.81 0.82 0.79 0.81 0.82 0.81 0.85 0.84 0.83 0.81 0.83 0.85 0.81 0.83 0.85 0.83 0.81 0.83 0.82 0.85 0.83 0.83 0.82 0.82
0.84 0.83 0.81 0.84 0.81 0.82 0.82 0.85 0.85 0.84 0.82 0.84 0.82 0.84 0.83 0.83 0.85 0.85 0.84 0.86 0.82 0.83 0.81 0.81 0.82 0.83 0.81 0.83 0.83 0.82 0.85 0.83 0.81 0.83 0.84 0.82 0.85 0.84 0.87 0.83 0.82
0.82 0.85 0.83 0.83 0.81 0.81 0.85 0.81 0.84 0.82 0.81 0.85 0.82 0.83 0.83 0.81 0.86 0.84 0.84 0.83 0.82 0.83 0.81 0.80 0.81 0.87 0.84 0.85 0.81 0.80 0.87 0.83 0.85 0.80 0.80 0.81 0.84 0.83 0.83 0.84 0.82
0.86 0.84 0.83 0.83 0.85 0.86 0.87 0.81 0.84 0.84 0.84 0.84 0.85 0.82 0.87 0.84 0.81 0.85 0.83 0.83 0.87 0.82 0.82 0.84 0.83 0.81 0.80 0.83 0.86 0.85 0.85 0.84 0.84 0.85 0.84 0.82 0.84 0.83 0.83 0.84 0.81
0.81 0.83 0.85 0.84 0.85 0.81 0.88 0.85 0.83 0.81 0.82 0.87 0.82 0.82 0.82 0.83 0.81 0.83 0.85 0.84 0.82 0.83 0.82 0.82 0.82 0.81 0.86 0.83 0.86 0.84 0.82 0.85 0.85 0.85 0.83 0.88 0.81 0.84 0.83 0.80 0.82
0.81 0.86 0.84 0.82 0.79 0.83 0.82 0.84 0.82 0.82 0.81 0.85 0.85 0.83 0.83 0.81 0.81 0.80 0.84 0.81 0.83 0.84 0.83 0.81 0.81 0.83 0.80 0.81 0.82 0.82 0.83 0.83 0.83 0.85 0.83 0.83 0.85 0.80 0.85 0.83 0.83
0.82 0.82 0.82 0.85 0.83 0.79 0.87 0.80 0.84 0.80 0.85 0.83 0.85 0.85 0.86 0.83 0.86 0.81 0.83 0.81 0.82 0.84 0.82 0.85 0.82 0.85 0.82 0.82 0.82 0.80 0.84 0.85 0.82 0.83 0.81 0.83 0.81 0.85 0.86 0.83 0.83
0.84 0.84 0.88 0.83 0.85 0.85 0.82 0.86 0.84 0.80 0.81 0.82 0.83 0.85 0.85 0.84 0.86 0.86 0.85 0.84 0.84 0.85 0.83 0.82 0.83 0.84 0.81 0.83 0.81 0.85 0.81 0.82 0.81 0.81 0.85 0.81 0.86 0.86 0.84 0.83 0.84
0.82 0.83 0.87 0.80 0.81 0.83 0.81 0.86 0.81 0.82 0.84 0.85 0.83 0.82 0.85 0.85 0.84 0.82 0.84 0.83 0.82 0.85 0.82 0.82 0.86 0.82 0.82 0.82 0.83 0.82 0.81 0.84 0.86 0.82 0.84 0.86 0.85 0.85 0.81 0.81 0.87
0.85 0.85 0.83 0.81 0.82 0.81 0.85 0.84 0.86 0.82 0.83 0.82 0.83 0.85 0.83 0.82 0.84 0.83 0.82 0.83 0.83 0.83 0.83 0.84 0.81 0.81 0.80 0.84 0.81 0.83 0.81 0.83 0.85 0.84 0.83 0.80 0.83 0.83 0.82 0.81 0.78
0.82 0.83 0.82 0.83 0.82 0.83 0.83 0.81 0.84 0.83 0.86 0.81 0.82 0.86 0.82 0.82 0.84 0.76 0.82 0.86 0.84 0.85 0.85 0.84 0.82 0.79 0.84 0.85 0.84 0.82 0.82 0.82 0.83 0.82 0.84 0.84 0.85 0.83 0.83 0.83 0.85
0.81 0.86 0.84 0.83 0.85 0.85 0.83 0.85 0.85 0.85 0.81 0.83 0.83 0.82 0.84 0.85 0.85 0.83 0.86 0.83 0.82 0.81 0.84 0.84 0.81 0.83 0.86 0.83 0.82 0.82 0.87 0.84 0.84 0.86 0.82 0.82 0.85 0.83 0.84 0.83 0.83
0.83 0.87 0.83 0.84 0.82 0.84 0.81 0.83 0.85 0.81 0.82 0.83 0.82 0.85 0.81 0.86 0.85 0.84 0.84 0.85 0.83 0.80 0.82 0.80 0.84 0.84 0.85 0.85 0.81 0.83 0.86 0.82 0.85 0.86 0.81 0.85 0.84 0.87 0.81 0.82 0.81
0.84 0.83 0.83 0.85 0.82 0.82 0.85 0.80 0.82 0.82 0.85 0.84 0.84 0.85 0.81 0.81 0.83 0.84 0.82 0.85 0.84 0.83 0.85 0.82 0.85 0.83 0.81 0.84 0.83 0.83 0.82 0.82 0.82 0.84 0.82 0.84 0.84 0.81 0.85 0.85 0.83
0.83 0.82 0.85 0.82 0.84 0.86 0.83 0.82 0.84 0.85 0.81 0.83 0.85 0.85 0.83 0.82 0.84 0.86 0.82 0.80 0.83 0.81 0.85 0.82 0.82 0.83 0.83 0.82 0.86 0.85 0.84 0.83 0.82 0.81 0.79 0.84 0.82 0.83 0.83 0.82 0.82
0.83 0.80 0.83 0.81 0.83 0.85 0.83 0.84 0.82 0.85 0.83 0.86 0.84 0.82 0.82 0.83 0.80 0.83 0.83 0.86 0.84 0.83 0.82 0.82 0.86 0.83 0.82 0.84 0.82 0.83 0.81 0.86 0.82 0.83 0.84 0.86 0.84 0.83 0.80 0.85 0.85
0.81 0.85 0.81 0.86 0.81 0.81 0.80 0.83 0.84 0.78 0.84 0.82 0.85 0.82 0.84 0.82 0.78 0.83 0.84 0.86 0.81 0.83 0.83 0.82 0.84 0.79 0.83 0.79 0.82 0.81 0.86 0.82 0.84 0.83 0.85 0.83 0.82 0.85 0.82 0.84 0.84
0.83 0.83 0.81 0.83 0.83 0.85 0.85 0.85 0.84 0.85 0.85 0.83 0.85 0.85 0.82 0.85 0.84 0.83 0.81 0.83 0.81 0.83 0.85 0.84 0.83 0.84 0.87 0.83 0.82 0.84 0.83 0.84 0.81 0.83 0.84 0.86 0.84 0.80 0.83 0.79 0.83
